1.122318319646653344e-02 2.721496074739463648e-03 4.038028200145622228e-03 2.025964912065521522e-03 8.968505288909968962e-04 1.341810024643158095e-03 7.090681443060247932e-04 1.752350466952448671e-03 5.893601639652717343e-04 5.924334070624480506e-04 4.728356138111514378e-04 6.402981456711283456e-04 2.768270647830860329e-03 5.732537568661947398e-04
2.721496074739464081e-03 1.854744243399213816e-02 3.938122617671454412e-03 2.064604415180851769e-03 8.572292703032645140e-04 1.353183898305718429e-03 7.240211576459922201e-04 1.751867021896579869e-03 4.576877117543554562e-04 6.279976628593182545e-04 5.027761500346183271e-04 7.028436264564791184e-04 2.798626985659350384e-03 5.954440416196854404e-04
4.038028200145622228e-03 3.938122617671454412e-03 1.197107254021492241e-02 2.948619903500693511e-03 1.280660427942388862e-03 1.803316368146324527e-03 9.859405915155349410e-04 2.473484733226975849e-03 8.117721491088677153e-04 8.184672219761579635e-04 6.409630943208604031e-04 9.488058439233124650e-04 3.952374308704702244e-03 8.064660129751751198e-04
2.025964912065521088e-03 2.064604415180852203e-03 2.948619903500693511e-03 2.480443488944684624e-02 5.208546484619982478e-04 9.298472147497186891e-04 3.612656666134228187e-04 1.249212668189305948e-03 3.726984226396234143e-04 3.663968784822663758e-04 3.288028111365138596e-04 4.900208721311725924e-04 2.071911323631289367e-03 3.860807696733581048e-04
8.968505288909967878e-04 8.572292703032645140e-04 1.280660427942388862e-03 5.208546484619982478e-04 8.696130053370927301e-03 3.643443070304406835e-04 3.456069772747024987e-04 5.633324510364953091e-04 1.001994908927909150e-04 1.323744056921579446e-04 1.113275475529997401e-04 1.993660030739899305e-04 8.762271664143831806e-04 2.364932487166138738e-04
1.341810024643158095e-03 1.353183898305718429e-03 1.803316368146324743e-03 9.298472147497186891e-04 3.643443070304406835e-04 2.238216907020137980e-02 3.551439943859435256e-04 7.630695888295362453e-04 1.539979667350061302e-04 3.072180120258343741e-04 2.347979467125771425e-04 1.834890693614535156e-04 1.298463381685279004e-03 2.353312783330456309e-04
7.090681443060247932e-04 7.240211576459922201e-04 9.859405915155349410e-04 3.612656666134227645e-04 3.456069772747024987e-04 3.551439943859434714e-04 1.711611945131052970e-02 4.662945288696324054e-04 8.195471048614258360e-05 1.767109855919987010e-04 7.522921630688046886e-05 2.320556238703749298e-04 6.543097774438203125e-04 1.963639236925963049e-04
1.752350466952448454e-03 1.751867021896579652e-03 2.473484733226975849e-03 1.249212668189305948e-03 5.633324510364953091e-04 7.630695888295363537e-04 4.662945288696323512e-04 6.396729173367185495e-03 3.466164884563325134e-04 3.327993278323312107e-04 2.941994161683067727e-04 4.034897230531897896e-04 1.697992337063155763e-03 3.783062350570755490e-04
5.893601639652717343e-04 4.576877117543554562e-04 8.117721491088679322e-04 3.726984226396234143e-04 1.001994908927909150e-04 1.539979667350061031e-04 8.195471048614258360e-05 3.466164884563326218e-04 1.245013772083250828e-02 1.601210946679934089e-04 8.655745258305908788e-05 1.386921660813618179e-04 5.687293196845835154e-04 5.883602431310819156e-05
5.924334070624481590e-04 6.279976628593182545e-04 8.184672219761578551e-04 3.663968784822663758e-04 1.323744056921579446e-04 3.072180120258344283e-04 1.767109855919987010e-04 3.327993278323312107e-04 1.601210946679934089e-04 8.003779072492965552e-03 1.061612710762514951e-04 9.582292245876814906e-05 5.403017168457912526e-04 9.418598500184389055e-05
4.728356138111514920e-04 5.027761500346183271e-04 6.409630943208604031e-04 3.288028111365138054e-04 1.113275475529997536e-04 2.347979467125771154e-04 7.522921630688045530e-05 2.941994161683068269e-04 8.655745258305908788e-05 1.061612710762514951e-04 6.042754721142321213e-03 1.700168697902876118e-04 4.100142654272463660e-04 4.530611820195426992e-05
6.402981456711283456e-04 7.028436264564791184e-04 9.488058439233125734e-04 4.900208721311725924e-04 1.993660030739899576e-04 1.834890693614535427e-04 2.320556238703749840e-04 4.034897230531898980e-04 1.386921660813618450e-04 9.582292245876817616e-05 1.700168697902876118e-04 1.055946951789005737e-02 6.739574124529038469e-04 1.976786601300434428e-04
2.768270647830860763e-03 2.798626985659350818e-03 3.952374308704702244e-03 2.071911323631289367e-03 8.762271664143831806e-04 1.298463381685279004e-03 6.543097774438203125e-04 1.697992337063155980e-03 5.687293196845836238e-04 5.403017168457912526e-04 4.100142654272463660e-04 6.739574124529038469e-04 6.192790408412670103e-03 5.508288667368350325e-04
5.732537568661947398e-04 5.954440416196854404e-04 8.064660129751751198e-04 3.860807696733581048e-04 2.364932487166139551e-04 2.353312783330456309e-04 1.963639236925962778e-04 3.783062350570755490e-04 5.883602431310820511e-05 9.418598500184390411e-05 4.530611820195427669e-05 1.976786601300434428e-04 5.508288667368350325e-04 6.457541804053164129e-03
