3.499999999999999778e-01 5.988992330888088134e+00 5.801466343013602867e+00 6.333293677974349833e-02 8.492421512925242555e-02 1.059395261291390389e-01 1.826081888016404253e+00
3.699999999999999956e-01 6.264625244242888691e+00 6.068468700256150150e+00 1.032288388239765986e-01 8.883270382604369075e-02 1.361889952749198440e-01 2.244206932618294736e+00
3.900000000000000133e-01 6.084669723233395722e+00 5.894147906256863578e+00 6.728056518098446404e-02 8.628092540731249760e-02 1.094123966477972831e-01 1.856288616911900613e+00
4.099999999999999756e-01 5.473999374297333631e+00 5.302598730653963699e+00 1.370376730321196668e-01 7.762158887441505950e-02 1.574942376388636378e-01 2.970133054353144342e+00
4.299999999999999933e-01 5.023292874074893000e+00 4.866004651524427516e+00 6.018587133887898233e-02 7.123054783272997348e-02 9.325304313195857675e-02 1.916419111986342960e+00
4.500000000000000111e-01 4.668565791158990841e+00 4.522384703661372463e+00 1.341628223340807224e-01 6.620049979837973331e-02 1.496067146561322614e-01 3.308137729525951531e+00
4.699999999999999734e-01 4.839287813000925809e+00 4.687761115753112051e+00 1.113877471906801198e-01 6.862134673041371535e-02 1.308285880505882792e-01 2.790854414721386956e+00
4.899999999999999911e-01 4.842674393665929777e+00 4.691041656562054740e+00 4.100301192884048262e-02 6.866936861607619846e-02 7.997955472098594587e-02 1.704942325743509235e+00
5.100000000000000089e-01 4.795590573965101022e+00 4.645432114889061381e+00 8.846414028077376202e-02 6.800171766371854165e-02 1.115801851622074958e-01 2.401933391827687281e+00
5.300000000000000266e-01 4.162245163919527258e+00 4.031917874616742559e+00 6.723331480333927246e-02 5.902084761377156957e-02 8.946384226319013810e-02 2.218890489471941230e+00
5.500000000000000444e-01 3.677246680787444877e+00 3.562105555473867646e+00 5.765245429822662970e-02 5.214354451447666960e-02 7.773515756169997737e-02 2.182281135443748799e+00
5.699999999999999512e-01 4.498622239969236603e+00 4.357762386922928499e+00 8.056188416721221657e-02 6.379069161969275203e-02 1.027592794733889620e-01 2.358074404922949618e+00
6.099999999999999867e-01 3.902961512699654634e+00 3.780752855071173979e+00 5.594471189387051346e-02 5.534419228360364790e-02 7.869428447106352476e-02 2.081444820322223332e+00
6.300000000000000044e-01 4.025295701181272889e+00 3.899256542814375504e+00 5.656448787854029270e-02 5.707889728342369073e-02 8.035883152493672466e-02 2.060875724451203705e+00
